<?xml version="1.0"?>
<opencv_storage>
<vocabulary type_id="opencv-matrix">
  <rows>50</rows>
  <cols>64</cols>
  <dt>f</dt>
  <data>
    -1.10845605e-03 2.26924225e-04 5.89701487e-03 3.03563848e-03
    -1.59057090e-03 -3.00865690e-03 5.45299649e-02 2.18797084e-02
    2.09951717e-02 2.35844334e-03 4.32577692e-02 1.90455746e-02
    -1.66583151e-04 3.90422414e-04 4.15410195e-03 2.54162704e-03
    -8.45703110e-03 6.71970542e-04 4.43308875e-02 2.27559488e-02
    -9.10858288e-02 -1.39099425e-02 4.42830771e-01 1.58380941e-01
    2.51521021e-01 -6.78782491e-03 3.57024044e-01 1.28687739e-01
    -3.31599778e-03 1.62301725e-03 3.01225465e-02 1.76834110e-02
    -8.68767872e-03 -1.29934039e-03 4.42875624e-02 2.24964749e-02
    -8.75202343e-02 1.19767850e-02 4.44003701e-01 1.57452747e-01
    2.51256227e-01 8.62083677e-03 3.55273277e-01 1.28228143e-01
    -3.07039055e-03 -1.14968233e-03 3.01207621e-02 1.78528260e-02
    -1.18880603e-03 -2.29358222e-04 6.00805553e-03 3.13822809e-03
    -3.81405785e-04 3.08067468e-03 5.50636016e-02 2.22596582e-02
    2.11160146e-02 -2.07533152e-03 4.29663099e-02 1.91512015e-02
    -1.66340586e-04 -4.11256537e-04 4.16668970e-03 2.54877983e-03
    -2.51647609e-04 -2.78614403e-04 5.85076492e-03 5.49415033e-03
    6.77690981e-03 -2.67932680e-03 4.51428480e-02 3.81210521e-02
    4.39710962e-03 3.67127382e-03 4.29211259e-02 3.77109796e-02
    5.99098494e-05 1.73267355e-04 5.63213509e-03 5.35800355e-03
    -1.93013740e-03 3.75766656e-03 4.24585268e-02 4.42005284e-02
    1.41572848e-01 7.67234564e-02 3.60537350e-01 3.06804240e-01
    -3.39455344e-02 5.91409802e-02 2.95004815e-01 2.82971144e-01
    -1.14077469e-03 1.33154518e-03 3.94613929e-02 4.12860028e-02
    4.08560300e-04 -1.64516072e-03 4.22992073e-02 4.43351939e-02
    7.32958168e-02 -8.77755657e-02 3.27853352e-01 3.19648564e-01
    1.55156311e-02 -9.13425013e-02 3.02805513e-01 3.11368167e-01
    -1.86888431e-03 -1.18652510e-03 4.00235131e-02 4.22777049e-02
    -1.12960079e-04 2.19145986e-05 5.91422152e-03 5.57384081e-03
    2.54746643e-04 3.40845529e-03 4.45675254e-02 3.90833989e-02
    8.22753087e-03 -1.45458500e-03 4.46590856e-02 3.85627300e-02
    2.02045485e-04 -3.37073288e-04 5.64404717e-03 5.46330493e-03
    -7.56524911e-04 -8.44970171e-04 4.94446233e-03 4.18064836e-03
    1.00066317e-02 -1.04266619e-02 3.76657955e-02 3.04598268e-02
    3.18507701e-02 -7.54101377e-04 5.11775054e-02 3.07648610e-02
    6.71801274e-04 9.63409082e-04 5.91968652e-03 4.29871771e-03
    -9.72369686e-03 -2.05049943e-03 3.49735133e-02 2.90510934e-02
    2.71259691e-03 -6.41390458e-02 2.07324594e-01 1.93108246e-01
    3.57928723e-01 -5.96266575e-02 4.31798786e-01 2.01151043e-01
    1.93807378e-03 9.64579522e-04 4.25674133e-02 3.05971913e-02
    -8.96473136e-03 3.38930916e-03 3.49667743e-02 2.92927679e-02
    9.65307059e-04 8.01606551e-02 2.05679610e-01 1.98917627e-01
    3.43892068e-01 5.76200746e-02 4.17797089e-01 2.01432720e-01
    2.23971042e-03 -2.58204364e-03 4.20483015e-02 3.06152645e-02
    -5.84940484e-04 8.64560774e-04 5.00864256e-03 4.16506873e-03
    9.18049552e-03 9.85910743e-03 3.70157249e-02 3.04452926e-02
    2.91971620e-02 9.91596025e-04 4.91275303e-02 3.03969290e-02
    6.56980556e-04 -8.45604285e-04 5.82894776e-03 4.26035328e-03
    1.85132085e-04 -3.42857558e-04 4.67912666e-03 4.26419592e-03
    1.73554081e-03 8.30401317e-04 3.48269306e-02 3.22695710e-02
    2.55862460e-03 1.24360493e-03 3.41983475e-02 3.56506370e-02
    1.05699222e-03 6.87361578e-04 4.55251336e-03 4.99827508e-03
    -1.38259027e-03 -2.75238464e-03 3.41363139e-02 2.99511123e-02
    2.11110204e-01 8.24032947e-02 3.17377925e-01 2.25541368e-01
    -3.09150782e-03 2.83188760e-01 2.06053212e-01 3.50272506e-01
    -3.66994087e-03 2.19989810e-02 3.15620862e-02 4.10026722e-02
    -4.63276682e-03 1.85392622e-03 3.49660031e-02 2.79562306e-02
    3.47418875e-01 -3.96562368e-02 4.27987963e-01 1.72498375e-01
    3.47122476e-02 -2.52338629e-02 1.84606403e-01 1.58978879e-01
    -1.33430827e-02 5.63993305e-03 3.04711517e-02 2.90720779e-02
    -1.63646211e-04 9.32420779e-04 4.98724915e-03 3.98877263e-03
    2.83237547e-02 2.49077752e-03 4.73607332e-02 2.82665342e-02
    1.45955663e-02 -1.22287534e-02 3.50198448e-02 2.82969438e-02
    -1.03373372e-03 -8.64468748e-04 4.14342107e-03 3.86886788e-03
    3.01947788e-04 -7.23970879e-04 5.44615509e-03 4.46660444e-03
    1.62654612e-02 -1.65403797e-03 4.20356169e-02 3.03433593e-02
    6.06530393e-03 7.41884345e-03 3.79510038e-02 3.06326859e-02
    -1.62868050e-03 7.01561803e-05 5.59118297e-03 4.62563056e-03
    -3.84579902e-03 -6.52543036e-03 3.89069505e-02 3.25987674e-02
    2.49123737e-01 -8.65879655e-03 3.56656700e-01 2.01983348e-01
    -4.48548384e-02 -1.32913729e-02 2.52176851e-01 2.15667859e-01
    -1.60850920e-02 -1.46711357e-02 4.30624820e-02 3.93018611e-02
    -4.68985317e-03 1.75712700e-03 3.84367220e-02 3.18979807e-02
    2.56142825e-01 -1.48529764e-02 3.64312023e-01 2.02382773e-01
    -2.00777918e-01 -1.69902876e-01 3.41702998e-01 2.81646788e-01
    8.95621139e-04 -1.38676101e-02 4.33468521e-02 4.18448150e-02
    1.58622541e-04 3.46580695e-04 5.43200364e-03 4.48292308e-03
    8.92421696e-03 -5.27859246e-03 4.36381400e-02 3.30093727e-02
    -1.63616650e-02 -3.80565715e-03 4.72794063e-02 3.60093936e-02
    9.17334633e-04 5.56154992e-04 5.77033730e-03 5.02453512e-03
    -1.74441127e-04 -7.69417384e-05 5.57142822e-03 4.54718340e-03
    6.55893655e-03 -3.40476399e-04 4.55549024e-02 3.21737193e-02
    -4.43412689e-03 3.42430803e-03 4.86637242e-02 3.28013115e-02
    9.55440410e-05 -1.56022506e-04 6.09669602e-03 4.69534146e-03
    -4.10835445e-03 1.41905516e-03 4.10867259e-02 3.50371338e-02
    1.83437895e-02 -4.66812514e-02 3.32819521e-01 2.47278839e-01
    3.26889716e-02 1.52400298e-05 4.03544694e-01 2.51731843e-01
    1.39858597e-03 2.15870049e-03 4.59230691e-02 3.71269174e-02
    -1.09014078e-03 9.53901326e-04 4.15006317e-02 3.42995897e-02
    -6.36013001e-02 2.91177351e-02 3.28447700e-01 2.25981772e-01
    1.43327653e-01 1.72262844e-02 4.50948298e-01 2.34342799e-01
    -4.49193036e-03 3.85034177e-03 4.71544489e-02 3.69880870e-02
    4.35913244e-05 -4.46808053e-06 5.68197155e-03 4.47448809e-03
    3.67957720e-04 3.32676573e-03 4.50665019e-02 3.15267220e-02
    6.99728355e-03 -2.84875510e-03 5.02902083e-02 3.24131958e-02
    -6.21438958e-04 -1.08074280e-04 6.19318942e-03 4.68458701e-03
    -5.70616336e-04 -3.69409070e-04 3.61508364e-03 2.21989094e-03
    2.67963521e-02 5.94216508e-05 4.38229963e-02 1.72260962e-02
    -1.95483807e-02 2.63744709e-03 4.38287258e-02 1.80842970e-02
    6.60630831e-05 -3.98330274e-04 4.04485362e-03 2.39902851e-03
    -7.19367992e-03 -1.57536054e-03 2.58768387e-02 1.53905042e-02
    3.10762137e-01 8.98255315e-03 3.74553919e-01 1.10007681e-01
    -2.52032936e-01 1.55470241e-02 3.45961869e-01 1.27516940e-01
    4.02005762e-03 -1.34921598e-03 2.84870677e-02 1.71498582e-02
    -7.05627911e-03 1.38970953e-03 2.58120634e-02 1.52287809e-02
    3.15111548e-01 -8.86203069e-03 3.80251437e-01 1.10009439e-01
    -2.54311949e-01 -1.26688192e-02 3.46805274e-01 1.26710221e-01
    4.19983454e-03 2.01926404e-03 2.88226679e-02 1.70586314e-02
    -5.74226491e-04 3.79485748e-04 3.64176859e-03 2.22613243e-03
    2.71429624e-02 -7.71576088e-05 4.43990119e-02 1.71937887e-02
    -1.90712828e-02 -2.50981981e-03 4.36279289e-02 1.83310974e-02
    1.25460458e-04 4.43087512e-04 4.13877005e-03 2.43284297e-03
    -8.15211271e-04 -4.30051237e-04 2.19679181e-03 1.59173424e-03
    4.81644599e-03 -4.55210404e-03 1.80197451e-02 1.17660463e-02
    5.42111658e-02 -1.28762782e-04 6.18069395e-02 1.72378495e-02
    3.38898419e-04 7.21399905e-04 3.84815759e-03 2.10950919e-03
    -6.47899555e-03 -1.18740869e-03 1.50354486e-02 1.02702444e-02
    8.50515440e-03 -1.40806306e-02 9.69766304e-02 7.05383345e-02
    4.45811868e-01 -1.95036980e-03 4.87725824e-01 1.06193021e-01
    -1.21018651e-03 2.05495604e-03 2.65163798e-02 1.39739309e-02
    -6.52381312e-03 8.60303291e-04 1.49765657e-02 1.02006774e-02
