<?xml version="1.0"?>
<opencv_storage>
<vocabulary type_id="opencv-matrix">
  <rows>50</rows>
  <cols>64</cols>
  <dt>f</dt>
  <data>
    2.46325912e+02 2.47484818e+02 2.49956482e+02 2.40960526e+02
    2.42543533e+02 2.46317825e+02 2.45261139e+02 2.51932190e+02
    2.51927139e+02 2.46277328e+02 2.47265182e+02 2.51098190e+02
    2.48657898e+02 2.43858307e+02 2.46952438e+02 2.43890701e+02
    2.48479767e+02 2.46423080e+02 2.47625519e+02 2.49829971e+02
    2.37738876e+02 2.48030365e+02 2.50187256e+02 2.51403854e+02
    2.45145752e+02 2.47731781e+02 2.46767212e+02 2.43583008e+02
    2.48542511e+02 2.45025314e+02 2.44158920e+02 2.41431183e+02
    2.47521255e+02 2.39426117e+02 2.48733810e+02 2.50739883e+02
    2.50063766e+02 2.37381592e+02 2.41810730e+02 2.37075912e+02
    2.45121460e+02 2.42491913e+02 2.37935226e+02 2.44305679e+02
    2.48375519e+02 2.40692307e+02 2.46440292e+02 2.48390701e+02
    2.45564789e+02 2.44318832e+02 2.48680176e+02 2.44557693e+02
    2.46574905e+02 2.41572876e+02 2.51657898e+02 2.39392715e+02
    2.40746964e+02 2.43262146e+02 2.35334015e+02 2.46244949e+02
    2.39731781e+02 2.46493927e+02 2.41010132e+02 2.51925110e+02
    1.60415466e+02 1.45362442e+02 1.40199005e+02 8.71971283e+01 117.
    1.68616333e+02 1.67726761e+02 1.81132874e+02 1.76788513e+02
    1.74518402e+02 1.80117905e+02 1.91977539e+02 1.70495316e+02
    1.16127258e+02 7.58365555e+01 1.14980034e+02 7.86674957e+01
    8.54154663e+01 1.20494072e+02 1.35477844e+02 1.69707413e+02
    1.12733620e+02 1.73712418e+02 1.52220825e+02 8.76456604e+01
    1.32640045e+02 1.47983780e+02 9.22426682e+01 8.65839005e+01
    9.92763519e+01 4.48870850e+01 1.06777290e+02 1.27925140e+02
    1.79206482e+02 1.81519028e+02 8.34903259e+01 2.03874603e+02
    1.33940735e+02 2.00300064e+02 9.62333069e+01 1.58701187e+02
    1.18780411e+02 1.87634430e+02 1.57350586e+02 1.64119141e+02
    1.03299438e+02 1.29502182e+02 1.20632561e+02 1.02030563e+02
    1.91426071e+02 1.08497192e+02 1.80406113e+02 1.66200867e+02
    1.68651901e+02 1.57914536e+02 9.67860260e+01 1.35130371e+02
    8.86968155e+01 1.96175919e+02 1.32148468e+02 1.69723633e+02
    1.48620712e+02 1.56210220e+02 9.23437271e+01 1.76446182e+02
    1.35069046e+02 1.67149231e+02 1.17745361e+02 1.07227173e+02
    9.16332626e+01 1.74746109e+02 1.73132889e+02 1.76260590e+02
    1.55395706e+02 1.63806976e+02 1.70984421e+02 1.91306610e+02
    1.76547882e+02 1.12588722e+02 1.18161842e+02 1.72099487e+02
    1.29475128e+02 1.23756500e+02 1.46345215e+02 9.03882751e+01
    1.60975510e+02 1.29645142e+02 1.70126205e+02 2.01386795e+02
    1.35205643e+02 2.00705276e+02 1.79131409e+02 1.39365997e+02
    1.90912399e+02 1.77611740e+02 1.28181885e+02 1.34855988e+02
    1.00992577e+02 6.71395721e+01 1.87224213e+02 1.81621384e+02
    8.67891617e+01 1.69974014e+02 1.59147003e+02 1.46479584e+02
    1.23628067e+02 1.41544174e+02 1.47389023e+02 1.74314774e+02
    1.07379364e+02 1.40062363e+02 1.34131409e+02 1.78291016e+02
    1.36892365e+02 1.07452118e+02 1.68158875e+02 1.74665192e+02
    4.76874542e+01 1.17720123e+02 1.20513741e+02 1.24487015e+02
    1.70990356e+02 1.20512993e+02 1.35573868e+02 1.21933929e+02
    1.24631035e+02 1.52456573e+02 1.43002228e+02 1.28938583e+02
    6.23531418e+01 1.06336456e+02 4.54606171e+01 1.03010689e+02
    1.04444595e+02 1.31169571e+02 1.86811096e+02 1.47303070e+02
    1.31477310e+02 9.16909256e+01 8.91021423e+01 1.36651535e+02
    6.76815796e+01 5.65060120e+01 4.14472656e+01 7.51875839e+01
    9.00500717e+01 1.01251671e+02 7.99245682e+01 5.59839821e+01
    8.42643585e+01 1.55996674e+02 1.32994659e+02 7.20774384e+01
    1.20238991e+02 7.01822433e+01 5.00126839e+01 1.01192924e+02
    5.86895905e+01 3.57963982e+01 4.47870522e+01 9.81228333e+01
    7.79526062e+01 1.51895874e+02 1.22642197e+02 6.79959946e+01
    6.53698273e+01 3.88538055e+01 6.72349854e+01 1.14200943e+02
    8.79439316e+01 8.72202988e+01 8.42209625e+01 1.18114822e+02
    1.06371834e+02 7.36321793e+01 1.40909225e+02 6.90447311e+01
    8.20947952e+01 9.46395264e+01 1.30419235e+02 9.86208344e+01
    1.56030716e+02 1.03391861e+02 9.15500717e+01 1.02777710e+02
    4.32723656e+01 4.64706306e+01 8.97062759e+01 7.58344498e+01
    7.30674286e+01 4.94205627e+01 1.45560760e+02 2.18910339e+02
    2.46693100e+02 9.14586182e+01 1.63341385e+02 2.07444824e+02
    1.64199997e+02 1.71327591e+02 2.41124130e+02 9.75896530e+01
    1.46368958e+02 2.01786209e+02 2.48262070e+02 1.16975861e+02
    1.55734482e+02 2.20003448e+02 2.17706894e+02 2.40337936e+02
    1.19324135e+02 1.86951721e+02 2.25965515e+02 1.01327583e+02
    2.01093109e+02 1.63586212e+02 1.55834488e+02 1.78862076e+02
    2.42251724e+02 2.30510345e+02 2.13634476e+02 1.86393097e+02
    1.08658623e+02 2.43324142e+02 1.57286209e+02 2.36875854e+02
    1.13386208e+02 2.45620682e+02 1.94082764e+02 7.52862091e+01
    1.03334480e+02 1.43451721e+02 2.22524139e+02 1.95937927e+02
    9.34758606e+01 1.85365509e+02 5.49655151e+01 2.38810349e+02
    3.34862061e+01 1.94627579e+02 2.00517242e+02 2.02065521e+02
    6.89758606e+01 2.29179306e+02 1.83251724e+02 1.20344826e+02
    2.46168961e+02 1.14072411e+02 2.37431030e+02 2.30910339e+02
    1.83172409e+02 1.75931034e+01 2.27451721e+02 4.80655174e+01
    2.19596558e+02 1.21941376e+02 6.84862061e+01 1.29095062e+02
    1.53335342e+02 1.40535934e+02 9.11549454e+01 9.80209579e+01
    1.02765724e+02 1.05851051e+02 1.15360031e+02 1.67373505e+02
    1.01008240e+02 1.45783691e+02 1.69173660e+02 1.71929642e+02
    1.29860779e+02 9.93338394e+01 1.01425156e+02 1.04024704e+02
    5.86377258e+01 1.25354050e+02 1.17550156e+02 7.40089874e+01
    1.12595062e+02 1.28093567e+02 1.51996262e+02 1.13995514e+02
    1.27605545e+02 1.19218567e+02 8.76856308e+01 1.13609283e+02
    1.90523209e+02 4.89857788e+01 7.21938629e+01 1.35762726e+02
    1.00337578e+02 6.85965576e+01 1.63011230e+02 1.50634735e+02
    7.65785980e+01 1.15876503e+02 1.09424408e+02 1.40053894e+02
    1.60423660e+02 9.54573364e+01 1.22689377e+02 1.37163177e+02
    1.29086090e+02 1.35422165e+02 1.40863022e+02 8.97799454e+01
    1.11492516e+02 1.27044914e+02 1.24943115e+02 1.22812134e+02
    3.88764992e+01 1.28278442e+02 6.51362305e+01 1.11914673e+02
    1.29312881e+02 1.02582336e+02 9.49797974e+01 9.08562927e+01
    1.05073357e+02 1.08034431e+02 1.21849556e+02 1.94108536e+02
    1.83743851e+02 1.92638916e+02 1.45345871e+02 1.64878433e+02
    1.70597687e+02 2.04749634e+02 2.20220688e+02 1.85188858e+02
    1.73267715e+02 1.80281464e+02 1.96523865e+02 1.61224304e+02
    1.55888565e+02 1.77232269e+02 1.83692474e+02 2.02473938e+02
    1.90450073e+02 1.85389282e+02 1.09574524e+02 1.53703323e+02
    1.49343704e+02 1.80114319e+02 1.60071625e+02 1.52240952e+02
    1.72197540e+02 1.65174377e+02 1.59785095e+02 1.79908829e+02
    1.24561501e+02 1.35317657e+02 1.90860336e+02 1.80451508e+02
    9.34797363e+01 1.66204041e+02 2.14176544e+02 1.61226471e+02
    1.30702606e+02 1.95860336e+02 1.78400864e+02 1.74807526e+02
    1.38946457e+02 1.97004333e+02 1.10395798e+02 1.99330673e+02
    1.05626625e+02 1.46727921e+02 1.50004333e+02 1.73389282e+02
    1.57942825e+02 1.49845154e+02 1.79662796e+02 2.08179443e+02
    1.83020248e+02 1.35845154e+02 1.10453690e+02 1.48650497e+02
    1.91232986e+02 9.89891434e+01 1.99420395e+02 1.66042694e+02
    1.27114326e+02 1.00545586e+02 2.01803177e+02 2.40856171e+02
    2.24753113e+02 1.89646652e+02 7.03657990e+01 2.25220825e+02
    2.00933182e+02 1.67989807e+02 2.35009048e+02 1.40841446e+02
    1.80877686e+02 1.38511887e+02 2.25557190e+02 1.27335220e+02
    1.62756500e+02 1.93143829e+02 2.21244614e+02 1.52146088e+02
    9.24620590e+01 1.89321625e+02 1.60479050e+02 1.31753113e+02
    1.72687424e+02 2.00055481e+02 1.18737259e+02 9.93612671e+01
    2.00337479e+02 1.50952438e+02 6.07644386e+01 1.62980743e+02
    1.21697617e+02 5.79558296e+01 6.78652267e+01 1.61023773e+02
    1.72463196e+02 1.65130234e+02 2.12696487e+02 2.12945633e+02
    1.29705551e+02 2.03074738e+02 1.76989807e+02 2.10212906e+02
