<?xml version="1.0"?>
<opencv_storage>
<vocabulary type_id="opencv-matrix">
  <rows>50</rows>
  <cols>64</cols>
  <dt>f</dt>
  <data>
    -7.09942263e-03 -6.01860636e-04 8.46607797e-03 4.18161415e-03
    -3.61710154e-02 -2.78871972e-02 5.24593815e-02 3.54868919e-02
    3.10003273e-02 -2.46784519e-02 4.30985875e-02 3.23662460e-02
    6.27287198e-03 -7.84431992e-04 7.65226502e-03 3.96936433e-03
    -6.44928217e-02 -4.42761928e-03 7.07340389e-02 2.68376544e-02
    -2.80626297e-01 -6.13850951e-02 3.64784569e-01 1.36951014e-01
    2.61775047e-01 -4.64338772e-02 2.92299449e-01 1.14045605e-01
    6.02662303e-02 -2.70748860e-03 6.49330169e-02 2.29199585e-02
    -6.27679080e-02 6.14665262e-03 6.94673881e-02 2.69354191e-02
    -2.86660373e-01 7.58404881e-02 3.65464300e-01 1.43076837e-01
    2.62276739e-01 4.80799749e-02 2.94399649e-01 1.14583910e-01
    5.86057529e-02 3.06248525e-03 6.36880621e-02 2.33065523e-02
    -6.51860889e-03 8.54355516e-04 8.23697634e-03 4.11389722e-03
    -3.87927741e-02 2.86033079e-02 5.36419600e-02 3.59240957e-02
    2.93720756e-02 2.48420201e-02 4.30215262e-02 3.24447826e-02
    6.28145225e-03 7.88331381e-04 7.63728702e-03 3.84027977e-03
    7.71789579e-03 2.61240290e-04 8.45389906e-03 3.19892773e-03
    5.68949580e-02 2.27896199e-02 6.09546490e-02 2.89583616e-02
    -1.05024446e-02 2.39035804e-02 2.43488941e-02 2.83820983e-02
    -5.71024325e-03 1.43791235e-03 6.69754716e-03 3.52442474e-03
    6.55242354e-02 2.17573135e-03 6.84114546e-02 1.73076037e-02
    4.33171928e-01 4.48495075e-02 4.51177627e-01 9.25890729e-02
    -9.27185640e-02 4.42070514e-02 1.35404319e-01 8.66578966e-02
    -5.40707260e-02 3.73889366e-03 5.70903681e-02 1.84745807e-02
    6.60572127e-02 -1.28848141e-03 6.88180774e-02 1.71179790e-02
    4.27234620e-01 -4.56653871e-02 4.46330220e-01 9.18707475e-02
    -1.03106976e-01 -6.15006015e-02 1.42813504e-01 9.44851935e-02
    -5.45246713e-02 -8.86891130e-03 5.75213172e-02 2.00858731e-02
    7.94561300e-03 -1.78984410e-04 8.60325526e-03 3.22250836e-03
    5.32944463e-02 -2.25252006e-02 5.82700148e-02 2.91140173e-02
    -1.49492528e-02 -2.67024208e-02 2.64735334e-02 3.06711290e-02
    -5.56555483e-03 -1.84646377e-03 6.63855253e-03 3.71442107e-03
    -6.24167640e-03 -6.09519600e-04 6.88354298e-03 2.69058789e-03
    -2.97996644e-02 -1.65055692e-02 4.20981422e-02 2.16636565e-02
    4.89548184e-02 -1.40790287e-02 5.42701855e-02 2.07835026e-02
    5.46128955e-03 1.16970470e-04 6.18330110e-03 2.49093166e-03
    -5.26395701e-02 -3.63244349e-03 5.54866083e-02 1.83093268e-02
    -2.22609803e-01 -4.16430160e-02 2.81986356e-01 9.16191339e-02
    3.80715191e-01 -3.87864634e-02 3.97231221e-01 8.73919651e-02
    4.52299975e-02 -1.99120073e-03 4.84726802e-02 1.63575802e-02
    -5.18524200e-02 3.40438820e-03 5.47609776e-02 1.86026562e-02
    -2.18177855e-01 4.48395088e-02 2.80558705e-01 9.41387340e-02
    3.72870356e-01 4.22475673e-02 3.89264017e-01 9.01677087e-02
    4.63480316e-02 1.52496283e-03 4.94140461e-02 1.62619706e-02
    -5.93269616e-03 6.02968095e-04 6.67467387e-03 2.69566756e-03
    -2.78528370e-02 1.80294253e-02 4.13337909e-02 2.28554439e-02
    4.74353842e-02 1.70037746e-02 5.25944494e-02 2.29968037e-02
    5.55355148e-03 1.55229514e-04 6.28133258e-03 2.53424374e-03
    1.24646779e-02 4.28202888e-03 1.73112452e-02 1.16346804e-02
    2.41294950e-02 1.02546893e-01 5.91909625e-02 1.13870829e-01
    -9.44497995e-03 1.11572124e-01 4.93741408e-02 1.23676009e-01
    -1.39818352e-03 9.49027296e-03 9.74423345e-03 1.36919059e-02
    1.57185033e-01 -5.90783264e-03 1.68830767e-01 4.95352708e-02
    2.34985933e-01 4.01670933e-02 2.91936576e-01 1.58494994e-01
    -1.81813315e-02 7.67385811e-02 1.37543887e-01 1.48971885e-01
    -4.33646888e-02 1.99267138e-02 5.74401096e-02 4.16509062e-02
    1.61571175e-01 -1.05327331e-02 1.74497247e-01 5.08326180e-02
    2.61790276e-01 -8.61788318e-02 3.22429329e-01 1.88387379e-01
    -2.35778168e-02 -1.06571205e-01 1.43398538e-01 1.76233098e-01
    -4.26988117e-02 -2.45592259e-02 5.78927137e-02 4.42598425e-02
    1.16780559e-02 -5.06311096e-03 1.64560042e-02 1.28789190e-02
    2.90720779e-02 -1.33142278e-01 6.43834099e-02 1.44714922e-01
    -5.10055153e-03 -1.34815127e-01 5.32223806e-02 1.46853447e-01
    9.23360494e-05 -1.05370097e-02 9.35269706e-03 1.50289107e-02
    -2.43753893e-03 -2.98336940e-03 6.38920860e-03 6.20675739e-03
    6.78057177e-03 -4.83226888e-02 4.46813814e-02 5.66030480e-02
    6.97886720e-02 -4.84913439e-02 8.04865435e-02 6.20183386e-02
    4.69057262e-03 -1.39125029e-03 8.46229121e-03 6.84224255e-03
    -4.45795543e-02 -6.77247019e-03 5.27437925e-02 3.26921865e-02
    -3.34200226e-02 -8.43187273e-02 1.91055998e-01 1.65332586e-01
    3.76162410e-01 -2.31435984e-01 4.25247997e-01 2.94477314e-01
    7.42760599e-02 -4.37085778e-02 8.54028240e-02 6.22139871e-02
    -4.58665043e-02 9.16880928e-03 5.42400293e-02 3.32871452e-02
    -4.13405858e-02 7.92850405e-02 1.74408332e-01 1.50015607e-01
    2.00315520e-01 4.21993844e-02 2.64345169e-01 1.67571977e-01
    8.15015361e-02 -1.12508293e-02 8.83901194e-02 4.57059667e-02
    -3.00418632e-03 2.86888285e-03 6.48063049e-03 5.93505846e-03
    -8.73382948e-03 3.83371860e-02 3.68539728e-02 4.60866168e-02
    2.22155564e-02 3.47924419e-02 4.35263775e-02 4.57942225e-02
    6.85463659e-03 8.94226774e-04 9.53874923e-03 6.47389656e-03
    -1.20844517e-03 -9.06416448e-04 2.52423738e-03 2.06256891e-03
    7.27157760e-03 -1.47223240e-02 1.83772538e-02 1.85260810e-02
    6.54483661e-02 -1.66999623e-02 6.77702427e-02 2.36733686e-02
    9.12107062e-03 -2.20231464e-04 9.67520196e-03 2.94859940e-03
    -1.53570063e-02 -3.83975008e-03 1.93081480e-02 1.06043061e-02
    2.73730718e-02 -3.77986617e-02 8.55126381e-02 6.38501942e-02
    4.55073625e-01 -4.76467386e-02 4.63612527e-01 8.51948708e-02
    7.73025900e-02 -3.97511618e-03 7.92285651e-02 1.65898241e-02
    -1.52946347e-02 2.69136718e-03 1.92155652e-02 1.00502856e-02
    2.81553436e-02 2.94835567e-02 8.47911760e-02 5.74583225e-02
    4.57927287e-01 4.11930792e-02 4.66800332e-01 8.04176778e-02
    7.73969069e-02 4.06748755e-03 7.93170854e-02 1.64601877e-02
    -1.19959190e-03 7.90191640e-04 2.48769694e-03 1.89311604e-03
    6.99046487e-03 1.37358783e-02 1.72668621e-02 1.72456559e-02
    6.62574470e-02 1.56557951e-02 6.86096102e-02 2.25402340e-02
    9.33583360e-03 2.05874094e-04 9.83414520e-03 2.91804690e-03
    5.66157373e-03 2.34974385e-03 8.26061517e-03 6.13565417e-03
    1.61979552e-02 4.49229591e-02 4.38161418e-02 5.35639003e-02
    -2.17518359e-02 4.45033088e-02 4.56295945e-02 5.52299246e-02
    -2.08963151e-03 3.11078737e-03 6.50211144e-03 6.64925762e-03
    6.28272817e-02 6.38135243e-03 7.18985572e-02 3.74564566e-02
    2.10423201e-01 7.94681385e-02 2.75709987e-01 1.74417049e-01
    -9.19490904e-02 1.85471505e-01 2.40151152e-01 2.53364742e-01
    -4.79158908e-02 2.09039282e-02 5.92556782e-02 4.78570685e-02
    6.14807755e-02 -4.10790136e-03 7.00303242e-02 3.76263820e-02
    1.91909462e-01 -8.21251273e-02 2.68666893e-01 1.86789200e-01
    -1.56772420e-01 -2.80779243e-01 2.73004353e-01 3.27636778e-01
    -4.43017259e-02 -4.23415974e-02 5.98047040e-02 6.03865571e-02
    5.42547228e-03 -2.83474918e-03 8.05909093e-03 6.74283039e-03
    4.66380501e-03 -5.23360223e-02 4.62654755e-02 6.02783151e-02
    -3.67133245e-02 -5.16745076e-02 5.66077456e-02 6.45491034e-02
    -6.83679420e-04 -2.70426460e-03 6.47672964e-03 7.16590090e-03
    8.80519859e-03 1.36346905e-04 9.82060563e-03 3.95703549e-03
    6.41380474e-02 2.18341686e-02 6.70479611e-02 2.96528675e-02
    3.47078429e-03 1.89954061e-02 2.00228300e-02 2.44008321e-02
    -1.85371726e-03 1.21276185e-03 3.44931963e-03 2.99147447e-03
    7.98540041e-02 9.27275605e-03 8.37998018e-02 2.49685049e-02
    4.23064917e-01 5.50424419e-02 4.39570636e-01 1.08219385e-01
    1.70035264e-03 2.41527576e-02 9.91622135e-02 7.89037570e-02
    -2.29190141e-02 2.35488196e-03 2.81543080e-02 1.55302864e-02
    8.01352561e-02 -1.05675124e-02 8.30572322e-02 2.88903806e-02
