<?xml version="1.0"?>
<opencv_storage>
<vocabulary type_id="opencv-matrix">
  <rows>50</rows>
  <cols>64</cols>
  <dt>f</dt>
  <data>
    -6.56429213e-04 -5.88663213e-04 5.61013026e-03 4.27690195e-03
    3.13196518e-02 -6.81488236e-05 5.75888082e-02 2.86447927e-02
    6.21087011e-03 9.97540262e-03 2.18250584e-02 2.36172620e-02
    -9.67786531e-04 6.31381408e-04 3.79427988e-03 3.53755988e-03
    -9.79629438e-03 -2.23418255e-03 4.07325141e-02 2.71716025e-02
    3.17994088e-01 2.41611637e-02 4.68130261e-01 1.42035604e-01
    4.28806571e-03 1.52502864e-04 9.90846381e-02 9.24392119e-02
    -1.10870237e-02 -5.28979674e-03 2.85939202e-02 2.49388535e-02
    -5.66306571e-03 1.22490991e-03 4.02396508e-02 3.30911390e-02
    1.77972853e-01 -5.91972917e-02 3.54243100e-01 2.75726497e-01
    -2.31759110e-03 -2.11474508e-01 1.97241798e-01 3.92728895e-01
    -1.51777372e-03 -1.55795412e-02 3.06605529e-02 4.46660742e-02
    8.08370896e-05 4.77486581e-04 5.39953308e-03 5.19674085e-03
    8.31689965e-03 2.17525708e-03 3.99070978e-02 3.71569507e-02
    -4.30225373e-05 3.26044904e-03 3.23845744e-02 4.14815135e-02
    6.26826251e-04 1.10073688e-05 4.72809328e-03 5.79173723e-03
    -3.85371495e-05 -5.01096772e-04 6.33856887e-03 5.73005714e-03
    8.57241731e-03 1.11830037e-03 4.41638194e-02 4.03224044e-02
    3.26285535e-03 2.11211131e-03 4.30792533e-02 4.54862490e-02
    6.00785097e-05 3.09030263e-04 6.52179681e-03 6.71902765e-03
    -2.30519078e-03 -2.16409611e-03 4.52353545e-02 3.63039747e-02
    1.65568948e-01 2.97627915e-02 3.36946219e-01 2.40486503e-01
    -2.39401851e-02 1.14125438e-01 2.83962786e-01 3.40137035e-01
    -3.86436353e-03 3.35114729e-03 4.71121818e-02 4.66170460e-02
    -1.69236644e-03 2.56152218e-03 4.53099161e-02 3.63392830e-02
    1.58709109e-01 -2.69363597e-02 3.33686471e-01 2.51706719e-01
    -2.98145209e-02 -1.24463767e-01 2.89010346e-01 3.64050478e-01
    -2.17104517e-03 -5.03883418e-03 4.67330627e-02 4.83803898e-02
    2.49431778e-05 6.31205970e-04 6.28363620e-03 5.87796094e-03
    7.43617769e-03 9.24052874e-05 4.49894108e-02 4.35608812e-02
    1.08523353e-03 -4.62947093e-04 4.35542502e-02 4.72876765e-02
    3.20273830e-04 -1.10999325e-04 6.62398338e-03 6.91316556e-03
    -1.15633477e-03 -1.02252408e-03 5.05975168e-03 4.60258173e-03
    4.52979468e-03 -9.99614038e-03 3.36078666e-02 3.17194797e-02
    1.36979651e-02 -1.22832647e-03 4.79721352e-02 4.41199765e-02
    4.28731990e-04 -1.03006452e-04 6.85450668e-03 6.93129422e-03
    -1.02175521e-02 -2.52044108e-03 3.31221968e-02 2.63119601e-02
    1.17586721e-02 -2.87571307e-02 1.50523156e-01 1.28778413e-01
    1.71983287e-01 -5.82312606e-02 4.06197280e-01 3.67637902e-01
    3.22025991e-03 -7.08516091e-05 5.09796292e-02 5.25412336e-02
    -1.04364138e-02 2.37198104e-03 3.36691365e-02 2.63473727e-02
    3.43491067e-03 2.29225140e-02 1.47263303e-01 1.29031003e-01
    2.06134632e-01 6.51467368e-02 4.40080494e-01 4.01616424e-01
    -8.67601892e-04 3.19681061e-03 5.13821244e-02 5.72854131e-02
    -1.11791363e-03 7.48201273e-04 5.23656281e-03 4.49083513e-03
    2.91749393e-03 8.80300812e-03 3.18910815e-02 3.10964212e-02
    1.74985807e-02 9.51469759e-04 5.07287867e-02 4.66271415e-02
    2.13593856e-04 -3.16168065e-04 7.08694058e-03 7.26814801e-03
    3.06795882e-05 -6.09585433e-04 5.53455018e-03 3.71358800e-03
    3.37004140e-02 -6.02074340e-03 5.44814356e-02 2.55388375e-02
    3.23834233e-02 3.58792627e-03 4.88819294e-02 2.20235530e-02
    -2.14176820e-04 9.58869350e-04 4.37228801e-03 3.14974366e-03
    -1.10673031e-03 -2.37983651e-03 3.92811149e-02 2.32322644e-02
    2.23345041e-01 -1.11516854e-02 3.51428151e-01 1.26268849e-01
    2.89986044e-01 -7.35057145e-03 3.80897164e-01 1.09668374e-01
    -4.69628628e-03 2.12744414e-03 2.95736305e-02 1.78439543e-02
    -2.27880757e-03 6.01247943e-04 3.83664779e-02 2.30697412e-02
    2.35084161e-01 9.46915057e-03 3.64055365e-01 1.27235219e-01
    2.81660974e-01 7.14955106e-03 3.71430278e-01 1.11927547e-01
    -3.51175130e-03 -2.28751171e-03 2.95102336e-02 1.81407258e-02
    7.58103633e-05 6.57273747e-04 5.47811296e-03 3.77188972e-03
    3.48115824e-02 5.10384841e-03 5.56925572e-02 2.51211822e-02
    3.21660079e-02 -4.20784904e-03 4.83864248e-02 2.19215341e-02
    -7.82377465e-05 -7.82590883e-04 4.49326029e-03 3.11090075e-03
    -8.84979090e-04 -7.72793777e-04 4.81691491e-03 3.14219389e-03
    4.09596562e-02 -2.48821708e-03 5.75878620e-02 2.25386545e-02
    2.70422492e-02 9.27753747e-03 4.00350168e-02 2.11566146e-02
    3.73239018e-05 7.73360662e-04 3.35614267e-03 2.68557924e-03
    -9.63580050e-03 -1.83215260e-03 3.30232084e-02 1.77836344e-02
    3.78412008e-01 2.50792596e-02 4.62109566e-01 1.11892335e-01
    1.51611492e-01 1.90400239e-02 2.20826849e-01 8.80722180e-02
    -2.07516016e-03 9.18567530e-04 2.34979782e-02 1.55283716e-02
    -8.86434224e-03 1.57630071e-03 3.23777944e-02 1.76395960e-02
    3.74056697e-01 -2.49471832e-02 4.58752513e-01 1.13439552e-01
    1.53617650e-01 -2.14259643e-02 2.23502263e-01 9.06493217e-02
    -1.76585186e-03 -1.54135341e-03 2.37758495e-02 1.60666592e-02
    -7.21998222e-04 7.49888597e-04 4.84774588e-03 3.17154382e-03
    4.06229906e-02 2.23842985e-03 5.75207658e-02 2.26974078e-02
    2.70931311e-02 -8.82788561e-03 4.02658880e-02 2.17634737e-02
    1.50391406e-05 -5.99922962e-04 3.58851906e-03 3.03150946e-03
    -1.28833426e-03 -9.26327251e-04 4.96113207e-03 4.11029905e-03
    1.20807812e-03 -9.95325204e-03 2.84994096e-02 2.64086798e-02
    3.73189859e-02 -4.12428286e-04 6.40884712e-02 3.81031558e-02
    -8.89634466e-05 1.30667246e-03 7.97558855e-03 6.19050721e-03
    -1.10956458e-02 -2.00649165e-03 3.18156481e-02 2.32134759e-02
    -7.90442061e-03 -1.11179063e-02 1.35059401e-01 1.12004936e-01
    3.78465265e-01 -1.65516995e-02 5.36540031e-01 2.27568299e-01
    -1.52541809e-02 -5.28834481e-03 5.94385788e-02 4.34895493e-02
    -1.01964194e-02 4.18732176e-03 3.19544002e-02 2.57303212e-02
    4.09143008e-02 5.60743995e-02 1.68791413e-01 1.57098964e-01
    1.91866234e-01 -3.88785303e-02 3.78852963e-01 2.76075691e-01
    5.92829566e-03 -1.86794605e-02 5.61944693e-02 4.98897247e-02
    -1.09762885e-03 1.03704794e-03 4.99104941e-03 4.72847465e-03
    4.21859045e-03 8.00667424e-03 3.30650285e-02 3.21872942e-02
    8.26922618e-03 3.70991183e-03 4.03149165e-02 3.53026204e-02
    2.27770046e-03 -6.67313361e-05 7.20828213e-03 5.95430750e-03
    -5.05924574e-04 -1.53362344e-04 6.18123915e-03 4.40036412e-03
    -6.47447817e-03 -3.08745936e-03 4.06358354e-02 2.73703858e-02
    1.70750953e-02 -1.45828980e-03 6.25140145e-02 2.89972499e-02
    7.12189940e-04 2.85587084e-05 7.07059354e-03 4.12355457e-03
    -3.21549992e-03 6.40923681e-05 4.46985625e-02 2.83407308e-02
    -7.93368071e-02 -1.82821136e-02 2.61561215e-01 1.52812600e-01
    1.68684676e-01 -5.19148912e-03 5.20800471e-01 1.59634039e-01
    6.16570981e-03 -6.46420929e-04 5.16700149e-02 2.60036029e-02
    -3.57234338e-03 4.38318420e-06 4.43754829e-02 2.81399954e-02
    -8.15211535e-02 1.53812701e-02 2.65583992e-01 1.51654184e-01
    1.75108045e-01 9.43001546e-03 5.28462470e-01 1.55998826e-01
    5.26630506e-03 8.40612745e-04 5.02390824e-02 2.59113703e-02
    -5.79280604e-04 6.66614069e-05 6.03014184e-03 4.23466275e-03
    -6.85785990e-03 4.34115995e-03 4.31854613e-02 2.79649515e-02
    1.82635598e-02 1.51083153e-03 6.32456467e-02 2.84737758e-02
    5.23388386e-04 -2.36384600e-04 6.77037891e-03 4.01833607e-03
    -1.62426935e-04 -5.51995763e-04 7.79012544e-03 6.06518518e-03
    8.77353083e-03 -1.28073385e-03 4.58010882e-02 3.82864662e-02
    7.61812413e-03 3.76920798e-03 3.83815765e-02 3.61685939e-02
    2.65372772e-04 5.86903770e-04 6.01731194e-03 5.33963507e-03
    -3.06614931e-03 1.27843732e-03 5.96692190e-02 4.22916412e-02
    4.71291430e-02 -2.30151303e-02 3.59722883e-01 2.44363829e-01
    1.08222328e-01 -1.67692155e-02 2.58902729e-01 1.94400683e-01
    1.46243908e-03 3.71240848e-03 4.24200706e-02 3.30340676e-02
    2.15710234e-03 5.14005404e-03 6.07799590e-02 4.29426804e-02
