<?xml version="1.0"?>
<opencv_storage>
<vocabulary type_id="opencv-matrix">
  <rows>50</rows>
  <cols>64</cols>
  <dt>f</dt>
  <data>
    -5.56053283e-06 2.51024438e-04 5.60335303e-03 4.85407654e-03
    -7.68899219e-03 -8.47560540e-03 5.26344292e-02 3.83116081e-02
    2.72442847e-02 2.09498079e-03 4.79501560e-02 3.01467255e-02
    -1.03092450e-03 1.01892720e-03 4.92756302e-03 3.99337057e-03
    6.43412024e-03 1.77969481e-03 3.69776450e-02 2.99368594e-02
    -2.20868811e-01 4.63763587e-02 4.00576144e-01 2.45260268e-01
    3.59687537e-01 -2.29444616e-02 4.37884152e-01 1.63472474e-01
    -9.59183183e-03 3.19665211e-04 3.09279356e-02 2.25007590e-02
    6.20943913e-03 -9.34415031e-04 3.39666195e-02 2.97153555e-02
    -6.45754263e-02 1.03666104e-01 2.21288085e-01 2.32193872e-01
    1.26287758e-01 4.63452041e-02 2.35576689e-01 1.96292296e-01
    -5.21774171e-03 -5.87256812e-03 2.89646164e-02 2.44800523e-02
    3.71220958e-04 -2.38368637e-04 4.73373942e-03 4.40991297e-03
    1.40521443e-03 -2.88927602e-03 2.80234925e-02 2.74427067e-02
    2.96973740e-03 -4.60468139e-03 2.68570967e-02 2.76089218e-02
    -3.72137525e-04 -6.34038064e-04 4.23747674e-03 3.89754889e-03
    -6.80994883e-04 -9.93035035e-04 5.66789834e-03 4.85782279e-03
    1.64786726e-02 -4.40837350e-03 4.78312932e-02 3.67011540e-02
    4.24986379e-03 3.73448385e-03 4.98543903e-02 3.84701975e-02
    6.59867481e-04 -3.86313113e-05 7.06279604e-03 5.43035148e-03
    -1.14068072e-02 -1.46136351e-03 3.75123620e-02 2.87228040e-02
    2.37071842e-01 -2.55418904e-02 3.79710734e-01 2.20711038e-01
    -3.83395664e-02 -4.26396988e-02 3.94284666e-01 2.84436256e-01
    4.89002652e-03 5.54302521e-03 4.95881848e-02 3.77156734e-02
    -1.12945475e-02 6.12112274e-03 3.84230614e-02 3.04511487e-02
    4.16733287e-02 -3.49878632e-02 2.30168208e-01 2.00594604e-01
    1.89309016e-01 -7.30227260e-03 3.82520914e-01 2.45565414e-01
    -5.84450131e-03 1.84693967e-03 4.83838916e-02 3.70956287e-02
    -7.49902218e-04 6.58889185e-04 5.36107318e-03 4.71681915e-03
    1.50962174e-03 9.38679278e-03 3.57157513e-02 3.22413519e-02
    2.11955030e-02 -6.51390932e-04 4.85400334e-02 3.60060669e-02
    -4.22109724e-06 -5.58973639e-04 6.77659176e-03 5.29292272e-03
    -4.33158159e-04 -9.35448566e-04 6.02165936e-03 5.15932729e-03
    1.35483090e-02 -2.64683599e-03 4.47782949e-02 3.71667221e-02
    5.96636999e-03 6.98184222e-03 4.10260446e-02 4.14999537e-02
    -3.68840556e-04 2.42111695e-04 6.08840864e-03 5.81615744e-03
    -1.11640105e-02 -3.46746948e-03 3.99471037e-02 3.20030935e-02
    1.70109138e-01 -2.32841335e-02 3.41519326e-01 2.23074570e-01
    -1.31865321e-02 -1.10945202e-01 2.86739230e-01 3.49773377e-01
    6.76297714e-05 -6.31373329e-03 4.24798466e-02 4.29120697e-02
    -1.13166720e-02 3.09095648e-03 3.94693390e-02 3.00775543e-02
    1.71313748e-01 1.80438198e-02 3.43455344e-01 2.22081244e-01
    -1.40821794e-02 1.06666125e-01 2.90461570e-01 3.50969821e-01
    -6.28744485e-04 4.54176497e-03 4.23727445e-02 4.30561975e-02
    -4.80392657e-04 6.82173646e-04 5.74986497e-03 4.84694075e-03
    1.50273172e-02 2.59721396e-03 4.51560095e-02 3.64072993e-02
    4.69706161e-03 -6.80641597e-03 4.20542434e-02 4.25114222e-02
    -6.55625015e-04 -3.69806396e-04 5.98777551e-03 5.83249610e-03
    -1.50796946e-03 -9.92647256e-04 5.49329631e-03 3.65641923e-03
    3.34998965e-02 -9.94821312e-04 5.34062721e-02 2.87380237e-02
    3.14224791e-03 7.13640545e-03 3.76173668e-02 3.04415803e-02
    -6.69294270e-04 2.28273420e-04 5.26142819e-03 4.27164556e-03
    -1.63131170e-02 -1.01262180e-03 3.74364927e-02 2.15402618e-02
    3.54683429e-01 5.68491314e-03 4.46086764e-01 1.61881000e-01
    -3.72777358e-02 2.20567919e-02 2.39128008e-01 1.84043527e-01
    -5.63751953e-03 -2.22439994e-04 3.74176055e-02 2.97484584e-02
    -1.56730749e-02 2.20634323e-03 3.64889912e-02 2.14957129e-02
    3.34598601e-01 -5.60550205e-03 4.29628134e-01 1.65314630e-01
    -2.46981438e-02 -3.08531467e-02 2.40615502e-01 1.89704627e-01
    -5.79809025e-03 -1.47550629e-04 3.75947356e-02 2.99151260e-02
    -1.30256510e-03 8.91213538e-04 5.33656636e-03 3.71057540e-03
    2.98703499e-02 8.29410215e-04 5.09795658e-02 2.85100564e-02
    3.83536331e-03 -8.00875481e-03 3.87574099e-02 3.18512470e-02
    -4.13865055e-04 -2.09322767e-04 5.35064284e-03 4.49264934e-03
    2.20225862e-04 -4.51223226e-04 6.30164053e-03 6.13203365e-03
    1.02484762e-03 -3.59807425e-04 4.39452454e-02 4.42519858e-02
    -6.98263641e-04 -1.38735643e-03 4.16931100e-02 4.49297987e-02
    1.59886418e-04 -4.00174986e-06 6.17380301e-03 6.19782042e-03
    -4.15092520e-03 -1.86262722e-03 4.63170446e-02 4.22982797e-02
    9.70559046e-02 -7.18562454e-02 3.55613708e-01 3.02227557e-01
    1.84351224e-02 1.00098297e-01 2.88410306e-01 3.02479953e-01
    -3.51721002e-03 5.69275534e-03 4.38727774e-02 4.30950522e-02
    -4.03843680e-03 3.44923418e-03 4.68018800e-02 4.43812460e-02
    8.40704292e-02 8.35451707e-02 3.54618698e-01 3.18016052e-01
    3.70337181e-02 -8.82755145e-02 2.96379715e-01 2.97749579e-01
    -4.93572745e-03 -2.46976060e-03 4.38268445e-02 4.26896960e-02
    1.20741315e-04 4.12259222e-04 6.74640108e-03 6.35001948e-03
    5.14966028e-04 -1.24968321e-03 4.51139100e-02 4.48058806e-02
    -1.25811799e-04 -3.57387762e-04 4.33124714e-02 4.61255684e-02
    2.92107812e-04 -2.66975752e-04 6.29820907e-03 6.43029204e-03
    -8.57843552e-04 -5.28147561e-04 4.42047277e-03 3.13611072e-03
    1.44779533e-02 -2.47997837e-03 3.82162072e-02 2.30476670e-02
    3.67509201e-04 3.28459451e-03 5.33581227e-02 2.82882247e-02
    4.83859301e-04 -3.19500425e-04 6.02229917e-03 3.59084783e-03
    -8.28700233e-03 -2.03364994e-03 2.95219272e-02 1.83436256e-02
    1.86275676e-01 4.34305705e-03 2.78800011e-01 1.30465075e-01
    -5.20034768e-02 4.48228903e-02 4.61819649e-01 1.95809960e-01
    4.42140084e-03 -6.71311805e-04 4.07285765e-02 2.29480322e-02
    -9.16001387e-03 3.03186174e-03 3.00464835e-02 1.83982067e-02
    1.90102711e-01 -5.05201379e-03 2.88066238e-01 1.29543662e-01
    -4.73992378e-02 -2.70229205e-02 5.41102231e-01 1.93003386e-01
    4.57951427e-03 7.95224623e-04 4.13350835e-02 2.20403764e-02
    -7.46540201e-04 6.60544436e-04 4.41003125e-03 3.21638491e-03
    1.45613598e-02 3.34892073e-03 3.87766957e-02 2.27948595e-02
    2.13980820e-04 -3.13041848e-03 6.13700300e-02 2.94211823e-02
    4.52677108e-04 2.38714958e-04 5.60484221e-03 3.53602949e-03
    -9.59336467e-04 -2.02494266e-04 5.21848537e-03 4.23292071e-03
    1.85847573e-03 -9.52775590e-03 3.64524461e-02 3.02536003e-02
    3.46060582e-02 1.69636915e-03 5.29261157e-02 2.87724454e-02
    -3.08637274e-04 8.68174422e-04 4.60311631e-03 3.52644618e-03
    -7.56767998e-03 1.27607945e-03 3.81670780e-02 3.03108431e-02
    -3.37472260e-02 -4.83936351e-03 2.26374000e-01 1.78993121e-01
    3.54625642e-01 1.18616736e-03 4.42813545e-01 1.74029022e-01
    -7.88963214e-03 2.94429110e-03 3.27177830e-02 2.10844595e-02
    -8.30291770e-03 -5.93605277e-04 3.69676538e-02 2.98095103e-02
    -3.37258652e-02 7.03134201e-03 2.26278991e-01 1.81506336e-01
    3.54240537e-01 6.00252009e-04 4.37519759e-01 1.73606128e-01
    -8.56513996e-03 -3.21969669e-03 3.20967175e-02 2.15395875e-02
    -9.52350383e-04 2.72447505e-04 5.13854343e-03 4.32076538e-03
    1.79337407e-03 9.11437068e-03 3.62452194e-02 3.06973495e-02
    3.40065993e-02 -1.63640943e-03 5.13384975e-02 2.86969505e-02
    -3.12883931e-04 -9.89241060e-04 4.62850276e-03 3.64877889e-03
    -3.17374157e-04 -5.76144666e-04 6.89946394e-03 6.13000663e-03
    8.39940645e-03 -2.45616864e-03 4.71009910e-02 4.29720208e-02
    4.92303027e-03 4.39990358e-03 4.39223833e-02 4.16002385e-02
    -1.86789883e-04 2.46404175e-04 6.58752862e-03 6.01649284e-03
    -5.14611509e-03 1.19443459e-03 4.97325659e-02 4.32437547e-02
    1.23235896e-01 8.08989406e-02 4.06413257e-01 3.16617638e-01
    -1.15975400e-03 8.82130768e-03 2.96935052e-01 2.56596357e-01
    -1.82118942e-03 1.57859002e-03 4.67136502e-02 4.09909524e-02
