<?xml version="1.0"?>
<opencv_storage>
<vocabulary type_id="opencv-matrix">
  <rows>50</rows>
  <cols>64</cols>
  <dt>f</dt>
  <data>
    -8.80999316e-04 -1.39834033e-03 6.35824166e-03 5.77435503e-03
    8.94286390e-03 -3.38237919e-03 4.45996337e-02 4.54216190e-02
    2.91901850e-03 1.89238024e-04 4.33922671e-02 4.79585603e-02
    3.77680321e-04 -3.50657734e-04 6.28896989e-03 6.18850300e-03
    -4.85617435e-03 -1.68015854e-03 4.90377620e-02 3.66932899e-02
    1.66397154e-01 6.33285344e-02 3.52923155e-01 3.05290759e-01
    -4.33414578e-02 7.66958520e-02 3.00323308e-01 3.11791271e-01
    5.84241061e-05 2.74774223e-03 4.84089591e-02 4.22700047e-02
    -5.36599336e-03 1.53775723e-03 5.03374487e-02 3.61255929e-02
    1.72060087e-01 -5.96936792e-02 3.43099684e-01 2.82327205e-01
    -3.68955471e-02 -6.00576475e-02 2.93585271e-01 2.91118056e-01
    3.04825255e-04 -9.18064674e-04 4.95397747e-02 4.19146456e-02
    -7.08166568e-04 9.26648732e-04 6.77196914e-03 5.81256067e-03
    1.09836832e-02 2.56590574e-04 4.39888015e-02 4.32568975e-02
    3.07699270e-03 -3.30974278e-03 4.12031561e-02 4.57387939e-02
    4.76010697e-04 7.75356020e-05 6.47508539e-03 6.12297235e-03
    8.31272046e-04 -2.45231902e-04 5.61657315e-03 5.56527264e-03
    -3.23727634e-03 3.02305358e-04 3.91324386e-02 4.35533449e-02
    -6.15478784e-04 -6.36258209e-03 4.25059125e-02 4.42911722e-02
    4.21411300e-04 -3.03370500e-04 5.52127743e-03 5.66532370e-03
    6.24997774e-04 -1.25256497e-02 4.15338986e-02 4.50947955e-02
    -1.04178460e-02 -1.54163003e-01 2.91986823e-01 3.69785935e-01
    1.01238906e-01 6.20668381e-02 3.32444072e-01 3.53707790e-01
    -6.39642938e-04 5.41777164e-03 4.35044765e-02 4.14997563e-02
    -9.00682528e-03 -1.72981957e-03 4.14597653e-02 3.79610471e-02
    6.96042404e-02 3.23823765e-02 2.76415050e-01 2.36067131e-01
    1.46650761e-01 -4.45119701e-02 3.43340427e-01 2.53153414e-01
    -5.88936824e-03 -3.10138497e-03 4.42720316e-02 3.69674005e-02
    -5.68694784e-04 5.30455902e-04 5.61410794e-03 5.21281734e-03
    6.35924889e-03 7.66447559e-03 3.91168743e-02 3.85869108e-02
    9.45199095e-03 -1.43112522e-03 4.11744863e-02 4.02601324e-02
    1.35685274e-04 -5.65713679e-04 6.09380333e-03 5.62892854e-03
    -1.02764543e-03 -3.27400776e-04 3.52071645e-03 1.83051662e-03
    8.56324378e-03 -2.25283462e-03 2.70324461e-02 1.54328402e-02
    6.79841451e-03 2.27962737e-03 5.95083833e-02 2.28569675e-02
    8.28999968e-04 -1.59833318e-04 5.01481770e-03 2.71234661e-03
    -7.85577763e-03 -6.57113385e-04 2.54145414e-02 1.18605569e-02
    1.33474693e-01 1.11484425e-02 2.45119691e-01 8.81725401e-02
    -1.68609340e-02 1.47861745e-02 5.52156210e-01 1.32988364e-01
    8.80786218e-03 -2.50055292e-03 3.65685560e-02 1.85237862e-02
    -1.00611029e-02 1.97608396e-03 2.73670945e-02 1.30012305e-02
    2.34948665e-01 1.07929390e-02 3.43990862e-01 9.54450890e-02
    -1.36401951e-01 -1.81702133e-02 5.04143476e-01 1.22278817e-01
    8.11552629e-03 -9.99591663e-04 3.51741537e-02 1.96428150e-02
    -1.12808926e-03 4.84280230e-04 3.86677100e-03 2.28336640e-03
    2.81020366e-02 3.08367214e-03 4.93286401e-02 1.79403014e-02
    -1.81413405e-02 -3.99848958e-03 5.89005612e-02 2.27437522e-02
    6.13404089e-04 4.80721908e-04 4.26498940e-03 3.26718809e-03
    -1.55089807e-03 -9.76880430e-04 4.68035974e-03 4.36974922e-03
    4.42665769e-03 -1.01317577e-02 3.63060869e-02 3.23184282e-02
    3.09232008e-02 1.25786732e-03 5.04101887e-02 3.29040550e-02
    4.10505891e-04 7.35299371e-04 3.99303762e-03 3.91983008e-03
    -1.40031399e-02 3.25770699e-04 3.29028890e-02 3.08376327e-02
    2.25127526e-02 -1.16263311e-02 2.06534222e-01 1.97124407e-01
    3.10022950e-01 -2.67456402e-03 4.26336378e-01 1.95076913e-01
    -3.43025266e-03 -1.35435176e-03 2.60334183e-02 2.19324492e-02
    -4.27656062e-03 1.99636575e-02 3.44568826e-02 4.25939262e-02
    5.84520865e-03 2.13700369e-01 2.54057527e-01 3.71440977e-01
    1.71396330e-01 1.90576818e-02 3.16273451e-01 2.42905468e-01
    2.36981409e-03 -3.17480764e-03 2.63270214e-02 2.40436159e-02
    5.86681126e-04 1.19663298e-03 4.76334151e-03 4.98026516e-03
    -1.24050898e-03 3.43005406e-03 3.13641764e-02 3.53481323e-02
    1.70688168e-03 5.96398301e-03 3.36148813e-02 3.24683636e-02
    9.35243152e-04 -2.54616141e-04 3.83816310e-03 3.60353407e-03
    -2.86362163e-04 -3.44420114e-04 5.31178247e-03 4.43980098e-03
    9.81233665e-04 -3.42041091e-03 4.36528474e-02 3.10735889e-02
    5.03807142e-03 9.26583423e-04 4.76921909e-02 3.13074961e-02
    5.69406140e-04 -1.66180223e-04 5.84208313e-03 4.03512828e-03
    -5.65786706e-03 -3.64465435e-04 4.29031998e-02 2.76696738e-02
    4.36658375e-02 -8.84932175e-04 4.06078905e-01 1.82311550e-01
    3.80344652e-02 9.88817774e-03 4.37608302e-01 1.78351134e-01
    2.38909177e-03 1.69091346e-03 4.51242626e-02 2.44248733e-02
    -2.52485275e-03 1.91269221e-03 4.28728424e-02 2.83900574e-02
    4.33320500e-04 -2.45285314e-03 4.39397722e-01 1.86224982e-01
    7.76124820e-02 -8.11024662e-03 4.21650201e-01 1.65999219e-01
    1.42765802e-03 -8.23057373e-04 4.54372615e-02 2.43520457e-02
    -5.58705186e-04 1.78917137e-04 5.42968465e-03 4.25400399e-03
    7.14091002e-04 3.38168279e-03 4.67604734e-02 3.13313566e-02
    7.14106578e-03 7.27274804e-04 4.58982289e-02 2.98494287e-02
    3.09380237e-04 -1.01213824e-04 5.44529967e-03 4.04496258e-03
    -2.16955261e-04 -3.10590025e-04 4.48791077e-03 4.00158484e-03
    6.26466190e-03 -2.88141170e-03 3.48543487e-02 3.19248214e-02
    1.45675393e-03 -1.26966182e-03 3.31450105e-02 3.67116965e-02
    6.19264320e-04 3.45190900e-04 4.12280625e-03 4.77320142e-03
    -5.14277583e-03 -3.05512361e-03 3.38066407e-02 2.49239337e-02
    1.69856921e-01 6.00321218e-03 3.15892637e-01 2.33142182e-01
    4.32758741e-02 2.23719582e-01 2.66742408e-01 4.00356382e-01
    -3.51686799e-03 2.13854630e-02 3.61169055e-02 4.45408672e-02
    -7.96231814e-03 1.00757834e-03 3.24518085e-02 2.25553811e-02
    2.61341870e-01 2.43805407e-05 3.89560163e-01 1.69648945e-01
    1.22059599e-01 -1.44748399e-02 2.53107995e-01 1.88577279e-01
    -1.37531282e-02 4.78822831e-03 3.47189866e-02 2.89996695e-02
    -5.64531249e-04 1.01609353e-03 4.35520755e-03 3.72913643e-03
    2.44226810e-02 7.17027392e-03 4.96342964e-02 3.18990871e-02
    1.81515962e-02 -1.03234984e-02 3.98336016e-02 3.28710563e-02
    -9.61878395e-04 -7.67207413e-04 4.63942951e-03 4.31564869e-03
    -2.47204822e-04 -1.00274003e-04 4.78507532e-03 4.51798411e-03
    5.28857531e-03 6.54621181e-05 2.89243422e-02 2.97967736e-02
    2.16553430e-03 3.01262643e-03 2.66752355e-02 2.86194365e-02
    2.95137899e-04 4.57646878e-04 3.55712092e-03 3.92705342e-03
    -4.66581108e-03 2.47844635e-03 4.01107073e-02 3.31498422e-02
    1.22532267e-02 -5.46519943e-02 2.50535548e-01 2.24041954e-01
    9.94862914e-02 -9.03430302e-03 2.19544515e-01 1.98788747e-01
    -8.18307919e-04 7.75155332e-03 2.48237476e-02 2.45465394e-02
    2.47684249e-04 2.09326483e-03 4.12879810e-02 3.05310339e-02
    -1.93640262e-01 -2.22834712e-03 4.40423548e-01 2.51961350e-01
    3.31698895e-01 8.89316015e-03 4.30263251e-01 1.78029805e-01
    -5.67669654e-03 1.03919208e-03 2.47750934e-02 1.99917872e-02
    -9.48326269e-05 -5.14124869e-04 5.30823646e-03 4.81502060e-03
    -4.57875198e-03 5.64425858e-03 4.79034781e-02 3.82556543e-02
    2.17479933e-02 -1.38113822e-03 4.49502245e-02 3.16059403e-02
    -1.33968788e-04 -7.24924612e-04 3.89466458e-03 3.45630990e-03
    -1.02265144e-03 -2.62292015e-04 4.21908265e-03 3.19631491e-03
    7.11430050e-03 -3.66316689e-03 3.05243507e-02 2.14579068e-02
    1.05790291e-02 -1.64217083e-04 5.83355464e-02 2.75436733e-02
    -1.70452637e-04 -4.62525804e-06 5.99573785e-03 3.74698872e-03
    -7.50003196e-03 -5.15567197e-04 2.88480837e-02 2.08075978e-02
    4.70664836e-02 -3.86681338e-03 2.06256047e-01 1.31515697e-01
    1.08249389e-01 2.40535457e-02 5.61104834e-01 1.61574155e-01
    2.82385590e-04 1.46076130e-03 4.47537638e-02 2.13980209e-02
    -7.25033646e-03 3.93738085e-03 2.81425100e-02 2.23564636e-02
